# oST version 5.0 parameters


[image]

width
640

height
480

[narrow_stereo]

camera matrix
209.418522 0.000000 324.617976
0.000000 210.700702 245.443055
0.000000 0.000000 1.000000

distortion
-0.001051 -0.013015 -0.000785 0.000690 0.000000

rectification
1.000000 0.000000 0.000000
0.000000 1.000000 0.000000
0.000000 0.000000 1.000000

projection
209.418522 0.000000 324.617976 0.000000
0.000000 210.700702 245.443055 0.000000
0.000000 0.000000 1.000000 0.000000
